filename	read_id	run_id	batch_id	channel	mux	start_time	duration	num_events	passes_filtering	template_start	num_events_template	template_duration	sequence_length_template	mean_qscore_template	strand_score_template	median_template	mad_template	scaling_median_template	scaling_mad_template
bs_raw.fast5	003084a1-d2fb-4c56-ba98-4efaf05f19ab	aea170ff77e7e76bd42c58335c528e15f49ba94c	0	230	4	23726.854500	20.864000	20864	TRUE	23726.854500	20864	20.864000	8603	8.415732	0.000000	50.315044	7.906650	50.315044	7.906650
bs_raw.fast5	003f003d-a943-48b6-bf18-31f89f9fbed6	aea170ff77e7e76bd42c58335c528e15f49ba94c	0	86	1	125383.477500	6.007000	6007	TRUE	125383.477500	6007	6.007000	1939	7.530212	0.000000	47.619595	5.570594	47.619595	5.570594
bs_raw.fast5	004c4765-e16f-4a98-9cb9-41612ef796e5	aea170ff77e7e76bd42c58335c528e15f49ba94c	0	288	3	71727.128500	25.501250	25501	FALSE	71727.128500	25501	25.501250	9902	6.833149	0.000000	47.799294	7.008167	47.799294	7.008167
bs_raw.fast5	004f8350-7bdb-4ccf-8375-2a945d980b3c	aea170ff77e7e76bd42c58335c528e15f49ba94c	0	296	4	162390.770750	2.815500	2815	TRUE	162390.770750	2815	2.815500	983	8.501196	0.000000	50.854134	7.187863	50.854134	7.187863
bs_raw.fast5	0053d848-a30f-45b1-bdf8-ee572303e154	aea170ff77e7e76bd42c58335c528e15f49ba94c	0	201	2	53013.025750	8.499250	8499	TRUE	53013.025750	8499	8.499250	3712	7.987791	0.000000	50.315044	8.266043	50.315044	8.266043
bs_raw.fast5	008ce7b7-a104-4005-a791-b62502b35164	aea170ff77e7e76bd42c58335c528e15f49ba94c	0	204	2	36993.477500	3.404500	3404	TRUE	36993.477500	3404	3.404500	1166	8.945731	0.000000	51.213528	6.648774	51.213528	6.648774
bs_raw.fast5	008e0186-094e-4765-a074-00cf40ea28ac	aea170ff77e7e76bd42c58335c528e15f49ba94c	0	183	1	30439.239500	7.149750	7149	TRUE	30439.239500	7149	7.149750	3255	7.932925	0.000000	48.697777	8.086347	48.697777	8.086347
bs_raw.fast5	009cc6b4-45fe-47b8-b86b-76535556cc88	aea170ff77e7e76bd42c58335c528e15f49ba94c	0	305	2	10958.196000	44.228500	44228	TRUE	10958.196000	44228	44.228500	19344	8.113537	0.000000	49.596260	8.445740	49.596260	8.445740
bs_raw.fast5	00b00cfe-518a-41ce-9122-22b144cc8861	aea170ff77e7e76bd42c58335c528e15f49ba94c	0	313	3	133015.548500	12.582250	12582	TRUE	133015.548500	12582	12.582250	4455	8.863064	0.000000	50.494743	7.906650	50.494743	7.906650
bs_raw.fast5	00b7fc27-9851-4c05-803b-564cd5893e43	aea170ff77e7e76bd42c58335c528e15f49ba94c	0	398	2	48145.256250	8.803500	8803	TRUE	48145.256250	8803	8.803500	3712	8.863363	0.000000	50.494743	7.906650	50.494743	7.906650
bs_raw.fast5	00c2b7ee-ba08-425b-b788-55f176fd7f37	aea170ff77e7e76bd42c58335c528e15f49ba94c	0	449	3	8330.218750	6.246250	6246	TRUE	8330.218750	6246	6.246250	2665	8.859660	0.000000	53.908978	7.187863	53.908978	7.187863
bs_raw.fast5	00da3d2a-e498-4a3f-8019-a39583ae9a08	aea170ff77e7e76bd42c58335c528e15f49ba94c	0	318	1	108703.670750	9.697250	9697	TRUE	108703.670750	9697	9.697250	3722	7.851901	0.000000	47.978989	7.906650	47.978989	7.906650
bs_raw.fast5	00e710e7-14d8-4036-9ea1-63966dc0e850	aea170ff77e7e76bd42c58335c528e15f49ba94c	0	27	2	49401.368500	49.628000	49628	TRUE	49401.368500	49628	49.628000	19591	8.724179	0.000000	51.572922	7.906650	51.572922	7.906650
bs_raw.fast5	00eaa464-bc29-439c-8e8b-c7782ea22016	aea170ff77e7e76bd42c58335c528e15f49ba94c	0	380	1	72017.209000	5.336250	5336	TRUE	72017.209000	5336	5.336250	2336	7.666809	0.000000	46.182022	8.086347	46.182022	8.086347
bs_raw.fast5	012c7867-d11b-4db4-a74c-db277b32340e	aea170ff77e7e76bd42c58335c528e15f49ba94c	0	377	2	3525.865000	36.611500	36611	TRUE	3525.865000	36611	36.611500	16626	8.061730	0.000000	52.471405	7.187863	52.471405	7.187863
bs_raw.fast5	0134df74-baee-458c-976c-73e82c40dc01	aea170ff77e7e76bd42c58335c528e15f49ba94c	0	308	1	128386.377750	40.308750	40308	TRUE	128386.377750	40308	40.308750	15925	7.555305	0.000000	42.049004	7.367560	42.049004	7.367560
bs_raw.fast5	014875b0-4e0d-4a2f-950f-5b9005237c4a	aea170ff77e7e76bd42c58335c528e15f49ba94c	0	506	1	24496.396500	20.376000	20376	TRUE	24496.396500	20376	20.376000	8183	8.834135	0.000000	52.651100	7.547257	52.651100	7.547257
bs_raw.fast5	01572fc9-a9e5-4ee5-a83b-81e9dc13f8cf	aea170ff77e7e76bd42c58335c528e15f49ba94c	0	97	1	23888.815250	3.139500	3139	TRUE	23888.815250	3139	3.139500	1275	8.266820	0.000000	49.775955	7.547257	49.775955	7.547257
bs_raw.fast5	015f4166-3bb0-4b9d-b627-63cc4ca3652f	aea170ff77e7e76bd42c58335c528e15f49ba94c	0	66	3	68090.633000	5.446250	5446	TRUE	68090.633000	5446	5.446250	1979	8.236147	0.000000	52.112011	7.547257	52.112011	7.547257
bs_raw.fast5	016b95d2-1554-41c2-8336-0f2333a43942	aea170ff77e7e76bd42c58335c528e15f49ba94c	0	41	4	2974.322750	2.525750	2525	TRUE	2974.322750	2525	2.525750	1007	8.098526	0.000000	56.424728	10.063009	56.424728	10.063009
bs_raw.fast5	017d85c7-ee09-47f2-9473-1f7b188cf2e9	aea170ff77e7e76bd42c58335c528e15f49ba94c	0	51	3	44017.242500	8.889000	8889	TRUE	44017.242500	8889	8.889000	3759	8.858398	0.000000	53.010494	7.367560	53.010494	7.367560
bs_raw.fast5	017df66a-2c3c-409c-8093-323e833b75b7	aea170ff77e7e76bd42c58335c528e15f49ba94c	0	309	3	65185.060250	3.969500	3969	TRUE	65185.060250	3969	3.969500	1393	7.388569	0.000000	45.463238	7.367560	45.463238	7.367560
bs_raw.fast5	0186d5eb-526d-4da1-ac20-f4b28745e352	aea170ff77e7e76bd42c58335c528e15f49ba94c	0	335	2	24398.301500	20.788000	20788	TRUE	24398.301500	20788	20.788000	8666	8.438379	0.000000	49.955650	8.086347	49.955650	8.086347
bs_raw.fast5	0196a553-b99a-4cd7-8345-f59a7f8dae8c	aea170ff77e7e76bd42c58335c528e15f49ba94c	0	83	3	118754.802000	22.409500	22409	TRUE	118754.802000	22409	22.409500	8359	7.947970	0.000000	47.799294	7.906650	47.799294	7.906650
bs_raw.fast5	01a26c85-9cde-40c9-9018-5e33218be151	aea170ff77e7e76bd42c58335c528e15f49ba94c	0	353	2	65326.833750	6.284500	6284	TRUE	65326.833750	6284	6.284500	2454	8.431528	0.000000	59.479572	8.445740	59.479572	8.445740
bs_raw.fast5	01adeeea-e63d-4a18-9556-9eb0f2cdd7ef	aea170ff77e7e76bd42c58335c528e15f49ba94c	0	317	1	56007.016750	8.850000	8850	TRUE	56007.016750	8850	8.850000	3171	8.015175	0.000000	48.158688	5.750291	48.158688	5.750291
bs_raw.fast5	01bf1645-9b4b-4603-b4b3-22343531350a	aea170ff77e7e76bd42c58335c528e15f49ba94c	0	285	3	133110.174750	8.635000	8635	TRUE	133110.174750	8635	8.635000	3190	8.483773	0.000000	51.752617	8.266043	51.752617	8.266043
bs_raw.fast5	01c97606-ad30-474b-ba58-b8e0fb4cbdaf	aea170ff77e7e76bd42c58335c528e15f49ba94c	0	51	4	29498.790250	19.886750	19886	TRUE	29498.790250	19886	19.886750	8113	8.295859	0.000000	52.471405	8.266043	52.471405	8.266043
bs_raw.fast5	01dacf4c-1f11-4478-91ac-97e2ded44425	aea170ff77e7e76bd42c58335c528e15f49ba94c	0	183	4	45278.506750	9.075750	9075	FALSE	45278.506750	9075	9.075750	3813	6.217270	0.000000	46.361721	7.726954	46.361721	7.726954
bs_raw.fast5	01e0fd82-e417-4c75-b373-e5750dda0ec6	aea170ff77e7e76bd42c58335c528e15f49ba94c	0	34	1	80328.132250	10.049500	10049	TRUE	80328.132250	10049	10.049500	4248	8.560393	0.000000	51.033833	7.906650	51.033833	7.906650
bs_raw.fast5	01e5a6ff-8735-448d-a292-45245177d994	aea170ff77e7e76bd42c58335c528e15f49ba94c	0	145	3	66262.551250	3.279750	3279	TRUE	66262.551250	3279	3.279750	1298	8.791442	0.000000	47.260204	7.726954	47.260204	7.726954
bs_raw.fast5	01f3c851-79f4-4230-9a65-23989769d4da	aea170ff77e7e76bd42c58335c528e15f49ba94c	0	49	1	17430.913500	0.875500	875	TRUE	17430.913500	875	0.875500	383	7.480706	0.000000	56.424728	7.187863	56.424728	7.187863
bs_raw.fast5	01f744a4-7f27-4e93-aee7-45384db1e87d	aea170ff77e7e76bd42c58335c528e15f49ba94c	0	92	2	89703.636250	36.940000	36940	TRUE	89703.636250	36940	36.940000	13507	8.579677	0.000000	48.158688	8.266043	48.158688	8.266043
bs_raw.fast5	01fb6e6a-1ff1-44ec-8fb4-e13fe2cbad61	aea170ff77e7e76bd42c58335c528e15f49ba94c	0	202	2	39213.298000	10.419000	10419	FALSE	39213.298000	10419	10.419000	2994	6.475291	0.000000	55.885639	8.086347	55.885639	8.086347
bs_raw.fast5	02285480-00fa-4183-aae4-ae15c5287052	aea170ff77e7e76bd42c58335c528e15f49ba94c	0	419	2	64823.649250	61.022250	61022	TRUE	64823.649250	61022	61.022250	22033	8.722617	0.000000	52.112011	8.445740	52.112011	8.445740
bs_raw.fast5	023b1c88-ebd7-4a28-a022-c3f26067cf14	aea170ff77e7e76bd42c58335c528e15f49ba94c	0	203	4	26914.271750	19.733250	19733	TRUE	26914.271750	19733	19.733250	6366	7.980179	0.000000	46.900810	8.086347	46.900810	8.086347
bs_raw.fast5	0245ed6f-725f-46e8-acf4-a6f72185381d	aea170ff77e7e76bd42c58335c528e15f49ba94c	0	46	2	97495.996750	4.949750	4949	TRUE	97495.996750	4949	4.949750	1822	8.258954	0.000000	48.697777	7.906650	48.697777	7.906650
bs_raw.fast5	0283d402-dcc4-41be-99f3-9ca0ea95a6de	aea170ff77e7e76bd42c58335c528e15f49ba94c	0	103	3	33182.305000	8.793750	8793	FALSE	33182.305000	8793	8.793750	4145	6.682736	0.000000	55.346550	8.266043	55.346550	8.266043
bs_raw.fast5	028a8633-7052-4ed6-9875-6841f13625d2	aea170ff77e7e76bd42c58335c528e15f49ba94c	0	171	4	23760.529000	3.657500	3657	TRUE	23760.529000	3657	3.657500	1544	8.772139	0.000000	51.572922	6.648774	51.572922	6.648774
bs_raw.fast5	02916dfd-b0b3-4139-bfac-d7bf9c8acfda	aea170ff77e7e76bd42c58335c528e15f49ba94c	0	453	1	107741.506500	20.624500	20624	TRUE	107741.506500	20624	20.624500	6459	8.974677	0.000000	46.182022	7.906650	46.182022	7.906650
bs_raw.fast5	02a84fa0-97a2-4658-81dd-7756ba40eec4	aea170ff77e7e76bd42c58335c528e15f49ba94c	0	252	4	6634.701250	9.664750	9664	TRUE	6634.701250	9664	9.664750	4042	7.908547	0.000000	53.908978	7.187863	53.908978	7.187863
bs_raw.fast5	02b3c950-8ea0-4269-a819-d3148ff7fed7	aea170ff77e7e76bd42c58335c528e15f49ba94c	0	486	2	50444.007250	7.451250	7451	TRUE	50444.007250	7451	7.451250	2864	7.941017	0.000000	53.010494	7.906650	53.010494	7.906650
bs_raw.fast5	02bbfc7e-d38f-4faf-839a-0b68c552cc39	aea170ff77e7e76bd42c58335c528e15f49ba94c	0	498	2	18388.283750	12.056750	12056	TRUE	18388.283750	12056	12.056750	3963	8.724020	0.000000	51.213528	7.547257	51.213528	7.547257
bs_raw.fast5	02ea2f0c-bb1b-4455-b529-ecfcb8dc3e7c	aea170ff77e7e76bd42c58335c528e15f49ba94c	0	483	1	123790.786000	1.816750	1816	TRUE	123790.786000	1816	1.816750	720	8.351578	0.000000	55.885639	10.242705	55.885639	10.242705
bs_raw.fast5	03052dab-3a06-4d88-b53e-03fc8abd9d14	aea170ff77e7e76bd42c58335c528e15f49ba94c	0	47	4	79001.869000	15.932250	15932	FALSE	79001.869000	15932	15.932250	6776	6.982289	0.000000	52.112011	6.469077	52.112011	6.469077
bs_raw.fast5	03068c57-8fb1-42d0-943f-a72c2fa5447a	aea170ff77e7e76bd42c58335c528e15f49ba94c	0	49	3	41755.155750	13.074250	13074	TRUE	41755.155750	13074	13.074250	4895	8.097618	0.000000	52.471405	7.367560	52.471405	7.367560
bs_raw.fast5	030fb3ce-20d1-4a3a-bf1e-28efc5eadd23	aea170ff77e7e76bd42c58335c528e15f49ba94c	0	112	3	67982.434250	10.830250	10830	TRUE	67982.506250	10758	10.758250	4265	8.699656	0.000000	47.978989	7.008167	47.978989	7.008167
bs_raw.fast5	0318734a-af7c-4414-bb26-125690d0d31b	aea170ff77e7e76bd42c58335c528e15f49ba94c	0	227	4	162904.668750	13.911500	13911	TRUE	162904.668750	13911	13.911500	5669	8.526300	0.000000	46.900810	6.289381	46.900810	6.289381
bs_raw.fast5	03220c94-766a-430d-bade-8261c7bde485	aea170ff77e7e76bd42c58335c528e15f49ba94c	0	242	4	9400.691000	6.140000	6140	TRUE	9400.691000	6140	6.140000	2842	8.778889	0.000000	51.213528	7.008167	51.213528	7.008167
bs_raw.fast5	0339e7f1-d235-4245-b107-1af6b9d9eb06	aea170ff77e7e76bd42c58335c528e15f49ba94c	0	309	4	47464.047000	42.737750	42737	TRUE	47464.047000	42737	42.737750	9191	7.765667	0.000000	46.002327	7.906650	46.002327	7.906650
bs_raw.fast5	03440ff1-56dc-411c-abb9-b5118034b9bb	aea170ff77e7e76bd42c58335c528e15f49ba94c	0	508	2	118765.627250	9.771000	9771	TRUE	118765.627250	9771	9.771000	4137	8.157522	0.000000	47.799294	8.266043	47.799294	8.266043
bs_raw.fast5	036ebdc8-6eea-4f7e-beb1-a55497c88f6a	aea170ff77e7e76bd42c58335c528e15f49ba94c	0	104	1	39430.679000	5.211000	5211	TRUE	39430.679000	5211	5.211000	1989	8.037904	0.000000	47.978989	7.726954	47.978989	7.726954
bs_raw.fast5	037da98d-9af5-47ea-b8a9-5fa73756aed6	aea170ff77e7e76bd42c58335c528e15f49ba94c	0	459	3	85800.744000	6.395500	6395	TRUE	85800.744000	6395	6.395500	2280	8.503327	0.000000	50.854134	8.266043	50.854134	8.266043
bs_raw.fast5	0395d095-fcbe-495f-9349-304b42309c9d	aea170ff77e7e76bd42c58335c528e15f49ba94c	0	428	1	93802.333750	1.759500	1759	TRUE	93802.333750	1759	1.759500	614	8.225950	0.000000	47.080505	7.726954	47.080505	7.726954
bs_raw.fast5	03a21ea3-5447-48ee-ac1b-a2d992a7739d	aea170ff77e7e76bd42c58335c528e15f49ba94c	0	478	1	64891.932750	9.827250	9827	TRUE	64891.932750	9827	9.827250	3777	8.433068	0.000000	49.236866	7.547257	49.236866	7.547257
bs_raw.fast5	03a59ed3-ce6d-4ffd-9a0e-a32d263fbf41	aea170ff77e7e76bd42c58335c528e15f49ba94c	0	191	2	7911.043000	2.704750	2704	FALSE	7911.043000	2704	2.704750	1140	6.471661	0.000000	50.315044	7.906650	50.315044	7.906650
bs_raw.fast5	03b9d21d-0fcf-4254-b4fa-c65754329124	aea170ff77e7e76bd42c58335c528e15f49ba94c	0	185	3	53597.730500	10.452250	10452	TRUE	53597.730500	10452	10.452250	4156	8.738732	0.000000	49.955650	7.367560	49.955650	7.367560
bs_raw.fast5	03bbdd02-dd43-49fc-9ea4-396875218040	aea170ff77e7e76bd42c58335c528e15f49ba94c	0	155	2	79611.918000	35.794250	35794	TRUE	79611.918000	35794	35.794250	12476	7.571844	0.000000	42.408394	7.008167	42.408394	7.008167
bs_raw.fast5	03c54e17-8258-447b-b110-ce35b431a905	aea170ff77e7e76bd42c58335c528e15f49ba94c	0	272	1	39509.762000	15.519750	15519	FALSE	39509.762000	15519	15.519750	6504	6.463433	0.000000	44.385059	7.008167	44.385059	7.008167
bs_raw.fast5	03de601b-c749-4bef-95a9-792aa18ca281	aea170ff77e7e76bd42c58335c528e15f49ba94c	0	77	4	9947.041500	54.194250	54194	TRUE	9947.041500	54194	54.194250	23694	8.334593	0.000000	47.439899	8.266043	47.439899	8.266043
bs_raw.fast5	03f3a80e-9800-465c-915d-b7bd5988e823	aea170ff77e7e76bd42c58335c528e15f49ba94c	0	320	3	26286.544750	3.241500	3241	TRUE	26286.544750	3241	3.241500	1398	8.410670	0.000000	46.541416	8.266043	46.541416	8.266043
bs_raw.fast5	0401aca3-54eb-4d5f-829b-a686e45b5bc4	aea170ff77e7e76bd42c58335c528e15f49ba94c	0	475	4	76357.534500	9.863500	9863	TRUE	76357.534500	9863	9.863500	3648	7.163327	0.000000	47.260204	7.008167	47.260204	7.008167
bs_raw.fast5	0426e839-503a-4183-a821-7395929dd4b6	aea170ff77e7e76bd42c58335c528e15f49ba94c	0	389	2	48310.462250	2.864500	2864	TRUE	48310.462250	2864	2.864500	1092	7.781714	0.000000	47.619595	7.367560	47.619595	7.367560
bs_raw.fast5	0427db72-7cbc-4d7e-b754-50b571f36f8f	aea170ff77e7e76bd42c58335c528e15f49ba94c	0	480	4	128301.213750	16.124000	16124	TRUE	128301.213750	16124	16.124000	6321	7.204284	0.000000	44.025665	6.109684	44.025665	6.109684
bs_raw.fast5	0448e59e-506d-4e31-a7d9-3145a89c5925	aea170ff77e7e76bd42c58335c528e15f49ba94c	0	110	4	38562.205750	12.819500	12819	TRUE	38562.205750	12819	12.819500	5354	8.573391	0.000000	48.338383	8.086347	48.338383	8.086347
bs_raw.fast5	044f5801-10cb-40e9-9032-ce4f4d01d706	aea170ff77e7e76bd42c58335c528e15f49ba94c	0	168	2	36472.522000	18.523250	18523	FALSE	36472.522000	18523	18.523250	5998	5.295189	0.000000	46.361721	5.929987	46.361721	5.929987
bs_raw.fast5	0468e850-412b-4957-bc94-8063f52be9e4	aea170ff77e7e76bd42c58335c528e15f49ba94c	0	141	4	18474.985500	6.561000	6561	TRUE	18474.985500	6561	6.561000	2677	8.256425	0.000000	50.494743	7.547257	50.494743	7.547257
bs_raw.fast5	046f2047-fc29-4855-8709-1e6dc306c362	aea170ff77e7e76bd42c58335c528e15f49ba94c	0	227	4	149025.391500	16.393500	16393	TRUE	149025.391500	16393	16.393500	6670	9.353794	0.000000	47.619595	7.547257	47.619595	7.547257
bs_raw.fast5	048141cf-4823-496e-8d2e-ab189d267dbe	aea170ff77e7e76bd42c58335c528e15f49ba94c	0	500	3	96814.587250	7.022000	7022	FALSE	96814.587250	7022	7.022000	2573	6.447368	0.000000	47.799294	6.469077	47.799294	6.469077
bs_raw.fast5	0498e3e1-1b0c-4ad0-9536-a180312d24df	aea170ff77e7e76bd42c58335c528e15f49ba94c	0	10	2	70826.733250	0.844500	844	FALSE	70826.733250	844	0.844500	325	6.400779	0.000000	64.151680	10.422402	64.151680	10.422402
bs_raw.fast5	04c57971-0210-4180-b3a5-23c49e52ffe8	aea170ff77e7e76bd42c58335c528e15f49ba94c	0	494	3	49748.674250	7.938000	7938	TRUE	49748.674250	7938	7.938000	3272	8.509328	0.000000	46.541416	7.547257	46.541416	7.547257
bs_raw.fast5	04d03bbb-f13e-43a2-9828-c4b09da6131f	aea170ff77e7e76bd42c58335c528e15f49ba94c	0	378	1	154519.746750	4.035750	4035	TRUE	154519.746750	4035	4.035750	1319	8.659168	0.000000	57.143517	8.984830	57.143517	8.984830
bs_raw.fast5	04e88023-6c86-47b1-b801-94c5e25a1a85	aea170ff77e7e76bd42c58335c528e15f49ba94c	0	453	1	13376.395250	4.982250	4982	TRUE	13376.395250	4982	4.982250	2030	9.152380	0.000000	50.315044	7.726954	50.315044	7.726954
bs_raw.fast5	04f26824-995e-49df-b661-7bf4efcc8ce9	aea170ff77e7e76bd42c58335c528e15f49ba94c	0	145	4	87398.204500	61.724000	61724	TRUE	87398.204500	61724	61.724000	23050	8.858278	0.000000	50.854134	7.187863	50.854134	7.187863
bs_raw.fast5	04fb26c0-c866-46ab-94b1-9b29684930bc	aea170ff77e7e76bd42c58335c528e15f49ba94c	0	189	1	3982.084750	7.656250	7656	TRUE	3982.084750	7656	7.656250	3399	8.514990	0.000000	52.471405	6.828470	52.471405	6.828470
bs_raw.fast5	0500ba41-98fb-49ed-b270-e515b7a9c435	aea170ff77e7e76bd42c58335c528e15f49ba94c	0	492	4	56867.833750	25.763250	25763	TRUE	56867.833750	25763	25.763250	10331	8.234185	0.000000	50.135349	8.984830	50.135349	8.984830
bs_raw.fast5	050ea2ee-eeb1-4466-b655-9321129e5ee2	aea170ff77e7e76bd42c58335c528e15f49ba94c	0	511	4	83794.009000	1.311750	1311	FALSE	83794.009000	1311	1.311750	521	6.529602	0.000000	58.760784	10.961492	58.760784	10.961492
bs_raw.fast5	055f5ecd-e0c1-4239-81b2-6677f53e48c7	aea170ff77e7e76bd42c58335c528e15f49ba94c	0	73	4	35896.702750	24.335000	24335	TRUE	35896.702750	24335	24.335000	10071	8.539000	0.000000	52.112011	7.726954	52.112011	7.726954
bs_raw.fast5	056392da-a6b6-4001-8748-1d442ece09d3	aea170ff77e7e76bd42c58335c528e15f49ba94c	0	41	1	35844.632750	7.904000	7904	TRUE	35844.632750	7904	7.904000	3275	7.528062	0.000000	52.291706	8.086347	52.291706	8.086347
bs_raw.fast5	0569c694-e461-4a0e-9e69-e47400b68d8b	aea170ff77e7e76bd42c58335c528e15f49ba94c	0	227	1	47448.622750	7.054750	7054	TRUE	47448.622750	7054	7.054750	2715	7.972976	0.000000	51.572922	7.367560	51.572922	7.367560
bs_raw.fast5	05795be9-8f4b-42f3-ae55-9df4a2caeb58	aea170ff77e7e76bd42c58335c528e15f49ba94c	0	232	3	93793.636500	16.818500	16818	TRUE	93793.636500	16818	16.818500	3732	7.120004	0.000000	46.721115	8.445740	46.721115	8.445740
bs_raw.fast5	0579c404-37eb-4359-8a1b-e6a5ffedaef1	aea170ff77e7e76bd42c58335c528e15f49ba94c	0	47	2	133287.518250	27.296000	27296	TRUE	133287.518250	27296	27.296000	10054	7.986334	0.000000	48.877472	6.828470	48.877472	6.828470
bs_raw.fast5	058a41aa-0083-4190-bb95-c366ea9b100b	aea170ff77e7e76bd42c58335c528e15f49ba94c	0	112	3	65019.050750	12.393250	12393	FALSE	65019.050750	12393	12.393250	4649	6.198629	0.000000	46.361721	7.187863	46.361721	7.187863
bs_raw.fast5	0595f7ce-a6ed-4ed5-8b59-d8e5c75df3b4	aea170ff77e7e76bd42c58335c528e15f49ba94c	0	372	4	55050.403250	17.059500	17059	TRUE	55050.403250	17059	17.059500	7906	8.614007	0.000000	47.080505	7.187863	47.080505	7.187863
bs_raw.fast5	059becec-f96e-42a8-8ea9-5458d581381f	aea170ff77e7e76bd42c58335c528e15f49ba94c	0	378	4	67696.216750	17.307500	17307	TRUE	67696.216750	17307	17.307500	6920	8.654757	0.000000	47.619595	8.445740	47.619595	8.445740
bs_raw.fast5	05a3be4b-1041-4942-892c-88ee9bce7516	aea170ff77e7e76bd42c58335c528e15f49ba94c	0	420	2	36536.255000	3.681250	3681	TRUE	36536.255000	3681	3.681250	1464	8.584726	0.000000	49.057171	8.445740	49.057171	8.445740
bs_raw.fast5	05a7e440-a036-4e9f-9b4c-17825e35a896	aea170ff77e7e76bd42c58335c528e15f49ba94c	0	242	4	2629.461500	84.245250	84245	TRUE	2629.461500	84245	84.245250	38313	8.312628	0.000000	48.877472	8.445740	48.877472	8.445740
bs_raw.fast5	05a991da-9051-45e8-b812-2510a94cb05f	aea170ff77e7e76bd42c58335c528e15f49ba94c	0	352	4	34774.400500	19.163750	19163	TRUE	34774.400500	19163	19.163750	7598	7.665324	0.000000	48.697777	8.086347	48.697777	8.086347
bs_raw.fast5	05b55cf8-a51b-4bdc-a54b-06903343b998	aea170ff77e7e76bd42c58335c528e15f49ba94c	0	7	3	153737.242250	5.592500	5592	TRUE	153737.242250	5592	5.592500	1714	7.754704	0.000000	45.463238	6.469077	45.463238	6.469077
bs_raw.fast5	05bbc2f6-a746-42cc-87a9-1d6f539e72bf	aea170ff77e7e76bd42c58335c528e15f49ba94c	0	455	2	124888.037000	18.044250	18044	TRUE	124888.037000	18044	18.044250	5993	9.223884	0.000000	51.752617	8.266043	51.752617	8.266043
bs_raw.fast5	05c2c56f-edd8-4f44-bd51-7accff869869	aea170ff77e7e76bd42c58335c528e15f49ba94c	0	54	2	19762.140000	3.103750	3103	TRUE	19762.140000	3103	3.103750	1274	8.197297	0.000000	53.190189	6.648774	53.190189	6.648774
bs_raw.fast5	05d75e95-1c11-48c3-9365-22177f312786	aea170ff77e7e76bd42c58335c528e15f49ba94c	0	309	2	105220.064750	7.543250	7543	TRUE	105220.064750	7543	7.543250	2998	7.726115	0.000000	49.775955	7.187863	49.775955	7.187863
bs_raw.fast5	05de41d2-e369-427d-9523-67cefa9ee820	aea170ff77e7e76bd42c58335c528e15f49ba94c	0	395	1	12011.093250	7.841750	7841	TRUE	12011.093250	7841	7.841750	3162	8.839615	0.000000	50.494743	7.547257	50.494743	7.547257
bs_raw.fast5	05f58739-dd56-43c3-a25b-5a61a4e64811	aea170ff77e7e76bd42c58335c528e15f49ba94c	0	380	1	83659.568750	84.371250	84371	TRUE	83659.568750	84371	84.371250	33911	8.791759	0.000000	48.697777	7.547257	48.697777	7.547257
bs_raw.fast5	05f92850-9d23-4e5e-aef5-66c90b1d0e97	aea170ff77e7e76bd42c58335c528e15f49ba94c	0	420	1	44007.643750	2.340250	2340	TRUE	44007.643750	2340	2.340250	949	9.118320	0.000000	50.854134	7.187863	50.854134	7.187863
bs_raw.fast5	05fe7d5f-7b53-4a80-8042-8c74a37628c5	aea170ff77e7e76bd42c58335c528e15f49ba94c	0	227	3	33045.058250	12.102500	12102	TRUE	33045.058250	12102	12.102500	4877	8.721749	0.000000	49.596260	8.086347	49.596260	8.086347
bs_raw.fast5	0607c1ee-2d81-4d16-9aaa-600a8aeb0e8a	aea170ff77e7e76bd42c58335c528e15f49ba94c	0	181	2	44050.403500	5.668000	5668	TRUE	44050.403500	5668	5.668000	2038	9.007731	0.000000	49.775955	7.726954	49.775955	7.726954
bs_raw.fast5	061290a1-b060-44ee-b1f1-7322d4188b03	aea170ff77e7e76bd42c58335c528e15f49ba94c	0	477	1	139768.939750	17.702000	17702	TRUE	139768.939750	17702	17.702000	6387	8.958469	0.000000	50.315044	8.445740	50.315044	8.445740
bs_raw.fast5	062ab209-684f-4d02-99b2-560a4ff24783	aea170ff77e7e76bd42c58335c528e15f49ba94c	0	482	3	34565.507000	39.046750	39046	TRUE	34565.507000	39046	39.046750	18424	8.145157	0.000000	49.236866	7.906650	49.236866	7.906650
bs_raw.fast5	0631e562-c59a-4e9b-90de-061630c8dc22	aea170ff77e7e76bd42c58335c528e15f49ba94c	0	198	3	128060.087000	4.006000	4006	TRUE	128060.087000	4006	4.006000	1340	8.299236	0.000000	48.158688	5.929987	48.158688	5.929987
